                                                            
                                                            
                              2                             
                           2222222                          
                        222222222                           
                     2222222222        2                    
                  2222222222        2222222                 
               22222222222       222222222                  
            222222222222      222222222         2           
         222222222222      2222222222        2222222        
      2222222222222     22222222222       222222222         
    222222222222     22222222222       222222222        2   
    2222222222     22222222222      2222222222        2112  
    22222222    22222222222      2222222222        2111112  
    22222    222222222222      2222222222       2111111112  
    222   222222222222      2222222222        111111111112  
    2  2222222222222     22222222222          111111111112  
    2222222222222     22222222222              11111111112  
    22222222222    222222222222                11111111112  
    22222222    222222222222                   21111111112  
    222222   2222222222222                     21111111112  
    222    222222222222                        21111111112  
    22  2222222222222                          11111111112  
    22222222222222                             11111111112  
    22222222222                               111111111112  
    22222222                                 5111111111112  
    22222   22112                           11111111111112  
    222  221111111                        2111111111111112  
    2225111111111111                    211111111111111112  
    1111111111111111112              21111111111111111111   
      2111111111111111111122222222111111111111111111112     
         2111111111111111111111111111111111111111112        
            2111111111111111111111111111111111112           
               2111111111111111111111111111112              
                  2111111111111111111111112                 
                     2111111111111111112                    
                        2111111111112                       
                           2111112                          
                              2       


		        Pembuat Game:


		

	Fardan Al Jihad           	211524009
		
	Fariz Rahman Maulana	        211524011
			
	Yayang Setia Budi	        211524030



				
	  Prodi D4 Teknik Informatika Kelas 1A
			
			 JTK 2021                
                                                            