                                                                
                                                  
                        222                       
                       22 22                      
                       22222                      
                        222                       
                         2                        
              22222222222222222222222             
             22                     22            
            22                       22           
         22222    22222     22222    22222        
         22  2    22 22     22 22    2  22        
         22  2    22222     22222    2  22        
         22 22                       2  22        
         22222        2     2        2222         
            22        2222222        22           
             22                     22            
              22222222222222222222222             
     2222222222222222222222222222222222222222222                    
     2                                         2
     2                                         2
     2                                         2
     2                                         2
     2                                         2
     2					       2
     2                                         2
     2					       2
     2					       2	
     2222222222222222222222222222222222222222222                        